 0.00000E+00 0.00000E+00 0.00000E+00 0.00000E+00 0.00000E+00
 0.00000E+00 0.00000E+00 0.00000E+00 0.00000E+00 0.00000E+00
 0.21349E-08 0.21598E-08 0.21817E-08 0.22007E-08 0.22170E-08
 0.22310E-08 0.22427E-08 0.22526E-08 0.22608E-08 0.22676E-08
 0.22731E-08 0.22777E-08 0.22813E-08 0.22843E-08 0.22867E-08
 0.22887E-08 0.22902E-08 0.22915E-08 0.22925E-08 0.22932E-08
 0.22939E-08 0.22944E-08 0.22948E-08 0.22951E-08 0.22954E-08
 0.22956E-08 0.22957E-08 0.22959E-08 0.22960E-08 0.22960E-08
 0.22961E-08 0.22962E-08 0.22962E-08 0.22962E-08 0.22963E-08
 0.22963E-08 0.22963E-08 0.22963E-08 0.22963E-08 0.22963E-08
 0.22963E-08 0.22963E-08 0.22963E-08 0.22963E-08 0.22963E-08
 0.22963E-08 0.22963E-08 0.22963E-08 0.22963E-08 0.22963E-08
 0.22963E-08 0.22964E-08 0.22964E-08 0.22964E-08 0.22964E-08
 0.22964E-08 0.22964E-08 0.22964E-08 0.22964E-08 0.22964E-08
 0.22964E-08 0.22964E-08 0.22964E-08 0.22964E-08 0.22964E-08
 0.22964E-08 0.22964E-08 0.22964E-08 0.22964E-08 0.22964E-08
 0.22964E-08

 0.00000E+00 0.00000E+00 0.00000E+00 0.00000E+00 0.00000E+00
 0.00000E+00 0.00000E+00 0.00000E+00 0.00000E+00 0.00000E+00
 0.00000E+00 0.00000E+00 0.00000E+00 0.00000E+00 0.13729E-09
 0.11914E-08 0.35881E-08 0.75006E-08 0.12990E-07 0.20049E-07
 0.28623E-07 0.38575E-07 0.49825E-07 0.62253E-07 0.75733E-07
 0.90135E-07 0.10510E-06 0.12065E-06 0.13666E-06 0.15300E-06
 0.16954E-06 0.18604E-06 0.20247E-06 0.21870E-06 0.23461E-06
 0.25009E-06 0.26504E-06 0.27938E-06 0.29304E-06 0.30595E-06
 0.31808E-06 0.32929E-06 0.33967E-06 0.34924E-06 0.35800E-06
 0.36598E-06 0.37298E-06 0.37927E-06 0.38489E-06 0.38990E-06
 0.39435E-06 0.39827E-06 0.40173E-06 0.40477E-06 0.40742E-06
 0.40974E-06 0.41175E-06 0.41350E-06 0.41501E-06 0.41632E-06
 0.41744E-06 0.41841E-06 0.41924E-06 0.41995E-06 0.42055E-06
 0.42107E-06 0.42151E-06 0.42189E-06 0.42220E-06 0.42247E-06
 0.42270E-06 0.42290E-06 0.42306E-06 0.42320E-06 0.42331E-06
 0.42341E-06 0.42349E-06 0.42356E-06 0.42362E-06 0.42367E-06
 0.42371E-06

 0.00000E+00 0.00000E+00 0.00000E+00 0.00000E+00 0.00000E+00
 0.00000E+00 0.00000E+00 0.00000E+00 0.00000E+00 0.00000E+00
 0.00000E+00 0.00000E+00 0.00000E+00 0.00000E+00 0.00000E+00
 0.00000E+00 0.00000E+00 0.00000E+00 0.00000E+00 0.00000E+00
 0.00000E+00 0.00000E+00 0.00000E+00 0.00000E+00 0.00000E+00
 0.00000E+00 0.00000E+00 0.00000E+00 0.00000E+00 0.00000E+00
 0.00000E+00 0.00000E+00 0.47962E-09 0.12690E-08 0.18694E-08
 0.23184E-08 0.26469E-08 0.28799E-08 0.30377E-08 0.31367E-08
 0.31902E-08 0.32091E-08 0.32018E-08 0.31753E-08 0.31350E-08
 0.30853E-08 0.30294E-08 0.29700E-08 0.29091E-08 0.28482E-08
 0.27885E-08 0.27308E-08 0.26756E-08 0.26245E-08 0.25808E-08
 0.25437E-08 0.25126E-08 0.24869E-08 0.24662E-08 0.24501E-08
 0.24383E-08 0.24306E-08 0.24266E-08 0.24263E-08 0.24294E-08
 0.24360E-08 0.24458E-08 0.24587E-08 0.24747E-08 0.24938E-08
 0.25157E-08 0.25405E-08 0.25680E-08 0.25983E-08 0.26313E-08
 0.26668E-08 0.27048E-08 0.27453E-08 0.27882E-08 0.28334E-08
 0.28808E-08

 0.00000E+00 0.00000E+00 0.00000E+00 0.00000E+00 0.00000E+00
 0.00000E+00 0.00000E+00 0.00000E+00 0.00000E+00 0.00000E+00
 0.66237E-06 0.71116E-06 0.74106E-06 0.75389E-06 0.75191E-06
 0.73751E-06 0.71315E-06 0.68109E-06 0.64345E-06 0.60207E-06
 0.55853E-06 0.51417E-06 0.47005E-06 0.42701E-06 0.38567E-06
 0.34650E-06 0.30980E-06 0.27575E-06 0.24442E-06 0.21582E-06
 0.18988E-06 0.16649E-06 0.14553E-06 0.12683E-06 0.11023E-06
 0.95556E-07 0.82629E-07 0.71285E-07 0.61363E-07 0.52711E-07
 0.45190E-07 0.38669E-07 0.33030E-07 0.28165E-07 0.23977E-07
 0.20381E-07 0.17298E-07 0.14660E-07 0.12408E-07 0.10488E-07
 0.88538E-08 0.74653E-08 0.62873E-08 0.52893E-08 0.44449E-08
 0.37315E-08 0.31295E-08 0.26218E-08 0.21939E-08 0.18337E-08
 0.15310E-08 0.12768E-08 0.10638E-08 0.88533E-09 0.73608E-09
 0.61137E-09 0.50729E-09 0.42051E-09 0.34825E-09 0.28813E-09
 0.23817E-09 0.19670E-09 0.16231E-09 0.13382E-09 0.11024E-09
 0.90744E-10 0.74640E-10 0.61349E-10 0.50389E-10 0.41360E-10
 0.33927E-10

 0.00000E+00 0.00000E+00 0.00000E+00 0.00000E+00 0.00000E+00
 0.00000E+00 0.00000E+00 0.00000E+00 0.00000E+00 0.00000E+00
 0.66450E-06 0.71332E-06 0.74324E-06 0.75609E-06 0.75426E-06
 0.74094E-06 0.71898E-06 0.69085E-06 0.65870E-06 0.62438E-06
 0.58943E-06 0.55502E-06 0.52216E-06 0.49154E-06 0.46369E-06
 0.43893E-06 0.41719E-06 0.39869E-06 0.38338E-06 0.37111E-06
 0.36171E-06 0.35483E-06 0.35078E-06 0.34910E-06 0.34901E-06
 0.35026E-06 0.35261E-06 0.35584E-06 0.35973E-06 0.36409E-06
 0.36875E-06 0.37346E-06 0.37820E-06 0.38287E-06 0.38741E-06
 0.39175E-06 0.39560E-06 0.39920E-06 0.40251E-06 0.40554E-06
 0.40829E-06 0.41077E-06 0.41299E-06 0.41498E-06 0.41674E-06
 0.41831E-06 0.41969E-06 0.42091E-06 0.42197E-06 0.42290E-06
 0.42371E-06 0.42441E-06 0.42502E-06 0.42555E-06 0.42602E-06
 0.42641E-06 0.42676E-06 0.42706E-06 0.42732E-06 0.42755E-06
 0.42775E-06 0.42793E-06 0.42809E-06 0.42823E-06 0.42835E-06
 0.42846E-06 0.42857E-06 0.42866E-06 0.42875E-06 0.42884E-06
 0.42892E-06

 0.00000E+00 0.50050E-02 0.28925E-02 0.19351E-02 0.17679E-02
 0.17029E-02 0.16863E-02 0.16956E-02 0.17192E-02 0.17509E-02
 0.15199E-02 0.15435E-02 0.15679E-02 0.15924E-02 0.16166E-02
 0.16404E-02 0.16635E-02 0.16859E-02 0.17076E-02 0.17287E-02
 0.17492E-02 0.17692E-02 0.17886E-02 0.18077E-02 0.18263E-02
 0.18447E-02 0.18629E-02 0.18808E-02 0.18986E-02 0.19164E-02
 0.19341E-02 0.19517E-02 0.19694E-02 0.19871E-02 0.20048E-02
 0.20224E-02 0.20401E-02 0.20578E-02 0.20754E-02 0.20931E-02
 0.21108E-02 0.21285E-02 0.21461E-02 0.21638E-02 0.21815E-02
 0.21992E-02 0.22168E-02 0.22345E-02 0.22522E-02 0.22698E-02
 0.22875E-02 0.23052E-02 0.23229E-02 0.23405E-02 0.23582E-02
 0.23759E-02 0.23936E-02 0.24112E-02 0.24289E-02 0.24466E-02
 0.24642E-02 0.24819E-02 0.24996E-02 0.25173E-02 0.25349E-02
 0.25526E-02 0.25703E-02 0.25879E-02 0.26056E-02 0.26233E-02
 0.26410E-02 0.26586E-02 0.26763E-02 0.26940E-02 0.27117E-02
 0.27293E-02 0.27470E-02 0.27647E-02 0.27823E-02 0.28000E-02
 0.28177E-02

